X = [0 0]';
Xh = [X' -1]';
W1 = [0.5 0.2; 0.13 -0.46]
W1h = [0.5 0.2 0.004; 0.13 -0.46 -0.04]
W2 = [-0.2 0.62]'
W2h = [W2' -0.16]




I1 = W1h*Xh

Y1 = [1/(1+exp(-I1(1))) 1/(1+exp(-I1(2)))]'
Y1h = [Y1' -1]'

I2 = W2h*Y1h
Y2 = 1/(1+exp(-I2))

del2 = Y2*(Y2*(1-Y2));